1850   285.2
1851   285.4
1852   285.5
1853   285.6
1854   285.8
1855   285.9
1856   286.1
1857   286.2
1858   286.4
1859   286.6
1860   286.7
1861   286.9
1862   287.0
1863   287.1
1864   287.3
1865   287.4
1866   287.5
1867   287.6
1868   287.7
1869   287.9
1870   288.0
1871   288.2
1872   288.4
1873   288.6
1874   288.9
1875   289.2
1876   289.5
1877   289.9
1878   290.3
1879   290.7
1880   291.2
1881   291.7
1882   292.2
1883   292.6
1884   293.1
1885   293.5
1886   293.8
1887   294.1
1888   294.3
1889   294.5
1890   294.7
1891   294.8
1892   295.0
1893   295.1
1894   295.2
1895   295.3
1896   295.4
1897   295.5
1898   295.7
1899   296.0
1900   296.3
1901   296.6
1902   297.0
1903   297.3
1904   297.7
1905   298.1
1906   298.6
1907   299.0
1908   299.4
1909   299.8
1910   300.2
1911   300.6
1912   300.9
1913   301.3
1914   301.6
1915   301.9
1916   302.2
1917   302.6
1918   302.9
1919   303.2
1920   303.5
1921   303.9
1922   304.3
1923   304.6
1924   305.0
1925   305.5
1926   305.9
1927   306.3
1928   306.8
1929   307.3
1930   307.7
1931   308.2
1932   308.7
1933   309.1
1934   309.5
1935   309.9
1936   310.3
1937   310.5
1938   310.7
1939   310.8
1940   310.9
1941   310.9
1942   310.8
1943   310.7
1944   310.6
1945   310.6
1946   310.6
1947   310.7
1948   310.8
1949   311.0
1950   311.3
1951   311.6
1952   312.0
1953   312.4
1954   312.9
1955   313.5
1956   314.1
1957   314.7
1958   315.3
1959   316.0
1960   316.8
1961   317.6
1962   318.3
1963   318.9
1964   319.4
1965   320.1
1966   321.1
1967   322.1
1968   323.1
1969   324.4
1970   325.5
1971   326.4
1972   327.6
1973   329.2
1974   330.2
1975   331.1
1976   332.2
1977   333.8
1978   335.3
1979   337.0
1980   338.9
1981   340.2
1982   341.3
1983   342.7
1984   344.3
1985   345.8
1986   347.3
1987   349.1
1988   351.2
1989   353.0
1990   354.4
1991   355.5
1992   356.4
1993   357.3
1994   358.6
1995   360.3
1996   362.0
1997   363.7
1998   365.8
1999   367.8
2000   369.4
2001   371.0
2002   373.0
2003   375.3
2004   377.3
2005   379.3
2006   381.3
2007   383.3
2008   385.3
2009   387.5
2010   389.8
2011   392.1
2012   394.3
2013   396.6
2014   398.9
2015   401.2
2016   403.5
2017   405.8
2018   408.0
2019   410.3
2020   412.6
2021   414.8
2022   417.0
2023   419.1
2024   421.1
2025   423.0
2026   424.8
2027   426.6
2028   428.3
2029   429.8
2030   431.3
2031   432.7
2032   433.9
2033   435.1
2034   436.2
2035   437.1
2036   438.0
2037   438.8
2038   439.6
2039   440.2
2040   440.7
2041   441.2
2042   441.5
2043   441.8
2044   442.1
2045   442.4
2046   442.6
2047   442.8
2048   443.0
2049   443.1
2050   443.2
2051   443.3
2052   443.3
2053   443.2
2054   443.2
2055   443.0
2056   442.9
2057   442.7
2058   442.6
2059   442.4
2060   442.2
2061   441.9
2062   441.6
2063   441.3
2064   440.9
2065   440.5
2066   440.0
2067   439.6
2068   439.0
2069   438.5
2070   438.0
2071   437.4
2072   436.8
2073   436.3
2074   435.7
2075   435.1
2076   434.5
2077   433.9
2078   433.3
2079   432.7
2080   432.1
2081   431.6
2082   431.0
2083   430.5
2084   429.9
2085   429.4
2086   428.8
2087   428.2
2088   427.6
2089   427.1
2090   426.5
2091   426.0
2092   425.4
2093   424.9
2094   424.4
2095   423.9
2096   423.4
2097   422.9
2098   422.4
2099   421.9
2100   421.4
2101   420.9
2102   420.4
2103   420.0
2104   419.6
2105   419.1
2106   418.7
2107   418.2
2108   417.8
2109   417.3
2110   416.8
2111   416.3
2112   415.8
2113   415.4
2114   414.9
2115   414.5
2116   414.0
2117   413.6
2118   413.1
2119   412.7
2120   412.2
2121   411.7
2122   411.2
2123   410.7
2124   410.3
2125   409.8
2126   409.4
2127   408.9
2128   408.5
2129   408.0
2130   407.6
2131   407.1
2132   406.6
2133   406.2
2134   405.8
2135   405.3
2136   404.9
2137   404.6
2138   404.2
2139   403.8
2140   403.4
2141   403.0
2142   402.6
2143   402.2
2144   401.8
2145   401.4
2146   401.0
2147   400.7
2148   400.3
2149   400.0
2150   399.6
2151   399.3
2152   398.9
2153   398.6
2154   398.2
2155   397.8
2156   397.5
2157   397.1
2158   396.8
2159   396.5
2160   396.2
2161   395.9
2162   395.5
2163   395.2
2164   394.9
2165   394.5
2166   394.2
2167   393.8
2168   393.5
2169   393.2
2170   392.9
2171   392.6
2172   392.3
2173   392.0
2174   391.7
2175   391.4
2176   391.1
2177   390.8
2178   390.4
2179   390.2
2180   389.9
2181   389.6
2182   389.3
2183   389.1
2184   388.8
2185   388.5
2186   388.2
2187   387.9
2188   387.5
2189   387.3
2190   387.0
2191   386.7
2192   386.5
2193   386.2
2194   385.9
2195   385.7
2196   385.4
2197   385.1
2198   384.8
2199   384.5
2200   384.2
2201   384.0
2202   383.7
2203   383.5
2204   383.2
2205   383.0
2206   382.7
2207   382.4
2208   382.2
2209   381.9
2210   381.6
2211   381.3
2212   381.1
2213   380.8
2214   380.6
2215   380.4
2216   380.1
2217   379.9
2218   379.6
2219   379.3
2220   379.1
2221   378.8
2222   378.5
2223   378.3
2224   378.1
2225   377.8
2226   377.6
2227   377.4
2228   377.1
2229   376.9
2230   376.6
2231   376.4
2232   376.1
2233   375.8
2234   375.6
2235   375.4
2236   375.2
2237   375.0
2238   374.7
2239   374.5
2240   374.3
2241   374.0
2242   373.7
2243   373.5
2244   373.2
2245   373.0
2246   372.8
2247   372.6
2248   372.4
2249   372.2
2250   371.9
2251   371.7
2252   371.5
2253   371.2
2254   371.0
2255   370.7
2256   370.5
2257   370.3
2258   370.1
2259   369.9
2260   369.7
2261   369.5
2262   369.2
2263   369.0
2264   368.8
2265   368.5
2266   368.3
2267   368.1
2268   367.9
2269   367.7
2270   367.5
2271   367.3
2272   367.1
2273   366.8
2274   366.6
2275   366.4
2276   366.1
2277   365.9
2278   365.7
2279   365.5
2280   365.3
2281   365.1
2282   364.9
2283   364.7
2284   364.5
2285   364.3
2286   364.1
2287   363.8
2288   363.6
2289   363.4
2290   363.2
2291   363.0
2292   362.9
2293   362.7
2294   362.5
2295   362.2
2296   362.0
2297   361.8
2298   361.6
2299   361.4
2300   361.2
2301   361.0
2302   360.8
2303   360.6
2304   360.4
2305   360.2
2306   360.0
2307   359.8
2308   359.6
2309   359.4
2310   359.2
2311   359.0
2312   358.8
2313   358.6
2314   358.4
2315   358.3
2316   358.1
2317   357.9
2318   357.7
2319   357.4
2320   357.2
2321   357.0
2322   356.8
2323   356.7
2324   356.5
2325   356.3
2326   356.1
2327   356.0
2328   355.8
2329   355.6
2330   355.3
2331   355.1
2332   354.9
2333   354.8
2334   354.6
2335   354.4
2336   354.3
2337   354.1
2338   353.9
2339   353.7
2340   353.5
2341   353.3
2342   353.1
2343   352.9
2344   352.7
2345   352.5
2346   352.4
2347   352.2
2348   352.0
2349   351.9
2350   351.7
2351   351.5
2352   351.3
2353   351.1
2354   350.9
2355   350.7
2356   350.6
2357   350.4
2358   350.2
2359   350.1
2360   349.9
2361   349.7
2362   349.5
2363   349.3
2364   349.1
2365   348.9
2366   348.8
2367   348.6
2368   348.4
2369   348.3
2370   348.1
2371   347.9
2372   347.8
2373   347.6
2374   347.4
2375   347.2
2376   347.0
2377   346.8
2378   346.7
2379   346.5
2380   346.4
2381   346.2
2382   346.0
2383   345.9
2384   345.7
2385   345.5
2386   345.3
2387   345.1
2388   345.0
2389   344.8
2390   344.7
2391   344.5
2392   344.3
2393   344.2
2394   344.0
2395   343.8
2396   343.6
2397   343.4
2398   343.3
2399   343.1
2400   343.0
2401   342.8
2402   342.7
2403   342.5
2404   342.4
2405   342.2
2406   342.0
2407   341.8
2408   341.6
2409   341.5
2410   341.3
2411   341.2
2412   341.0
2413   340.9
2414   340.7
2415   340.6
2416   340.4
2417   340.2
2418   340.0
2419   339.8
2420   339.7
2421   339.5
2422   339.4
2423   339.2
2424   339.1
2425   339.0
2426   338.8
2427   338.6
2428   338.5
2429   338.3
2430   338.1
2431   337.9
2432   337.8
2433   337.6
2434   337.5
2435   337.4
2436   337.2
2437   337.1
2438   336.9
2439   336.7
2440   336.5
2441   336.4
2442   336.2
2443   336.1
2444   335.9
2445   335.8
2446   335.7
2447   335.5
2448   335.4
2449   335.2
2450   335.0
2451   334.9
2452   334.7
2453   334.5
2454   334.4
2455   334.2
2456   334.1
2457   334.0
2458   333.8
2459   333.7
2460   333.5
2461   333.4
2462   333.2
2463   333.0
2464   332.9
2465   332.7
2466   332.6
2467   332.5
2468   332.3
2469   332.2
2470   332.0
2471   331.9
2472   331.7
2473   331.5
2474   331.4
2475   331.2
2476   331.1
2477   331.0
2478   330.8
2479   330.7
2480   330.6
2481   330.4
2482   330.3
2483   330.1
2484   329.9
2485   329.8
2486   329.6
2487   329.5
2488   329.3
2489   329.2
2490   329.1
2491   329.0
2492   328.8
2493   328.7
2494   328.5
2495   328.3
2496   328.2
2497   328.0
2498   327.9
2499   327.8
2500   327.7
