1850   285.2
1851   285.4
1852   285.5
1853   285.6
1854   285.8
1855   285.9
1856   286.1
1857   286.2
1858   286.4
1859   286.6
1860   286.7
1861   286.9
1862   287.0
1863   287.1
1864   287.3
1865   287.4
1866   287.5
1867   287.6
1868   287.7
1869   287.9
1870   288.0
1871   288.2
1872   288.4
1873   288.6
1874   288.9
1875   289.2
1876   289.5
1877   289.9
1878   290.3
1879   290.7
1880   291.2
1881   291.7
1882   292.2
1883   292.6
1884   293.1
1885   293.5
1886   293.8
1887   294.1
1888   294.3
1889   294.5
1890   294.7
1891   294.8
1892   295.0
1893   295.1
1894   295.2
1895   295.3
1896   295.4
1897   295.5
1898   295.7
1899   296.0
1900   296.3
1901   296.6
1902   297.0
1903   297.3
1904   297.7
1905   298.1
1906   298.6
1907   299.0
1908   299.4
1909   299.8
1910   300.2
1911   300.6
1912   300.9
1913   301.3
1914   301.6
1915   301.9
1916   302.2
1917   302.6
1918   302.9
1919   303.2
1920   303.5
1921   303.9
1922   304.3
1923   304.6
1924   305.0
1925   305.5
1926   305.9
1927   306.3
1928   306.8
1929   307.3
1930   307.7
1931   308.2
1932   308.7
1933   309.1
1934   309.5
1935   309.9
1936   310.3
1937   310.5
1938   310.7
1939   310.8
1940   310.9
1941   310.9
1942   310.8
1943   310.7
1944   310.6
1945   310.6
1946   310.6
1947   310.7
1948   310.8
1949   311.0
1950   311.3
1951   311.6
1952   312.0
1953   312.4
1954   312.9
1955   313.5
1956   314.1
1957   314.7
1958   315.3
1959   316.0
1960   316.8
1961   317.6
1962   318.3
1963   318.9
1964   319.4
1965   320.1
1966   321.1
1967   322.1
1968   323.1
1969   324.4
1970   325.5
1971   326.4
1972   327.6
1973   329.2
1974   330.2
1975   331.1
1976   332.2
1977   333.8
1978   335.3
1979   337.0
1980   338.9
1981   340.2
1982   341.3
1983   342.7
1984   344.3
1985   345.8
1986   347.3
1987   349.1
1988   351.2
1989   353.0
1990   354.4
1991   355.5
1992   356.4
1993   357.3
1994   358.6
1995   360.3
1996   362.0
1997   363.7
1998   365.8
1999   367.8
2000   369.4
2001   371.0
2002   373.0
2003   375.3
2004   377.3
2005   379.3
2006   381.3
2007   383.3
2008   385.3
2009   387.5
2010   389.6
2011   391.8
2012   393.9
2013   396.1
2014   398.3
2015   400.5
2016   402.7
2017   404.9
2018   407.1
2019   409.4
2020   411.6
2021   413.9
2022   416.1
2023   418.4
2024   420.8
2025   423.2
2026   425.6
2027   428.0
2028   430.5
2029   433.0
2030   435.5
2031   438.1
2032   440.6
2033   443.2
2034   445.7
2035   448.3
2036   450.9
2037   453.5
2038   456.1
2039   458.7
2040   461.3
2041   464.0
2042   466.6
2043   469.2
2044   471.7
2045   474.3
2046   476.8
2047   479.4
2048   481.9
2049   484.5
2050   487.0
2051   489.6
2052   492.0
2053   494.4
2054   496.7
2055   499.0
2056   501.1
2057   503.3
2058   505.3
2059   507.4
2060   509.4
2061   511.3
2062   513.1
2063   514.9
2064   516.6
2065   518.1
2066   519.6
2067   521.0
2068   522.3
2069   523.6
2070   524.8
2071   526.0
2072   527.0
2073   528.0
2074   528.8
2075   529.5
2076   530.1
2077   530.6
2078   531.1
2079   531.4
2080   531.6
2081   531.8
2082   532.0
2083   532.2
2084   532.4
2085   532.7
2086   533.0
2087   533.3
2088   533.6
2089   533.9
2090   534.2
2091   534.6
2092   535.1
2093   535.5
2094   536.0
2095   536.5
2096   536.9
2097   537.4
2098   537.9
2099   538.4
2100   538.9
2101   539.4
2102   539.9
2103   540.4
2104   540.9
2105   541.3
2106   541.7
2107   542.0
2108   542.3
2109   542.6
2110   542.7
2111   542.9
2112   543.1
2113   543.2
2114   543.4
2115   543.5
2116   543.6
2117   543.7
2118   543.8
2119   543.9
2120   543.9
2121   543.8
2122   543.8
2123   543.8
2124   543.8
2125   543.8
2126   543.8
2127   543.8
2128   543.9
2129   543.9
2130   543.9
2131   543.8
2132   543.8
2133   543.7
2134   543.7
2135   543.7
2136   543.7
2137   543.7
2138   543.7
2139   543.7
2140   543.7
2141   543.7
2142   543.7
2143   543.6
2144   543.6
2145   543.5
2146   543.5
2147   543.5
2148   543.5
2149   543.5
2150   543.5
2151   543.5
2152   543.5
2153   543.5
2154   543.5
2155   543.5
2156   543.5
2157   543.5
2158   543.5
2159   543.5
2160   543.5
2161   543.5
2162   543.5
2163   543.5
2164   543.5
2165   543.5
2166   543.5
2167   543.5
2168   543.5
2169   543.5
2170   543.5
2171   543.5
2172   543.5
2173   543.5
2174   543.5
2175   543.5
2176   543.5
2177   543.5
2178   543.5
2179   543.5
2180   543.5
2181   543.5
2182   543.5
2183   543.5
2184   543.5
2185   543.5
2186   543.5
2187   543.5
2188   543.5
2189   543.5
2190   543.5
2191   543.5
2192   543.5
2193   543.5
2194   543.5
2195   543.5
2196   543.5
2197   543.5
2198   543.5
2199   543.5
2200   543.5
2201   543.5
2202   543.5
2203   543.5
2204   543.5
2205   543.5
2206   543.5
2207   543.5
2208   543.5
2209   543.5
2210   543.5
2211   543.5
2212   543.5
2213   543.5
2214   543.5
2215   543.5
2216   543.5
2217   543.5
2218   543.5
2219   543.5
2220   543.5
2221   543.5
2222   543.5
2223   543.5
2224   543.5
2225   543.5
2226   543.5
2227   543.5
2228   543.5
2229   543.5
2230   543.5
2231   543.5
2232   543.5
2233   543.5
2234   543.5
2235   543.5
2236   543.5
2237   543.5
2238   543.5
2239   543.5
2240   543.5
2241   543.5
2242   543.5
2243   543.5
2244   543.5
2245   543.5
2246   543.5
2247   543.5
2248   543.5
2249   543.5
2250   543.5
2251   543.5
2252   543.5
2253   543.5
2254   543.5
2255   543.5
2256   543.5
2257   543.5
2258   543.5
2259   543.5
2260   543.5
2261   543.5
2262   543.5
2263   543.5
2264   543.5
2265   543.5
2266   543.5
2267   543.5
2268   543.5
2269   543.5
2270   543.5
2271   543.5
2272   543.5
2273   543.5
2274   543.5
2275   543.5
2276   543.5
2277   543.5
2278   543.5
2279   543.5
2280   543.5
2281   543.5
2282   543.5
2283   543.5
2284   543.5
2285   543.5
2286   543.5
2287   543.5
2288   543.5
2289   543.5
2290   543.5
2291   543.5
2292   543.5
2293   543.5
2294   543.5
2295   543.5
2296   543.5
2297   543.5
2298   543.5
2299   543.5
2300   543.5
2301   543.5
2302   543.5
2303   543.5
2304   543.5
2305   543.5
2306   543.5
2307   543.5
2308   543.5
2309   543.5
2310   543.5
2311   543.5
2312   543.5
2313   543.5
2314   543.5
2315   543.5
2316   543.5
2317   543.5
2318   543.5
2319   543.5
2320   543.5
2321   543.5
2322   543.5
2323   543.5
2324   543.5
2325   543.5
2326   543.5
2327   543.5
2328   543.5
2329   543.5
2330   543.5
2331   543.5
2332   543.5
2333   543.5
2334   543.5
2335   543.5
2336   543.5
2337   543.5
2338   543.5
2339   543.5
2340   543.5
2341   543.5
2342   543.5
2343   543.5
2344   543.5
2345   543.5
2346   543.5
2347   543.5
2348   543.5
2349   543.5
2350   543.5
2351   543.5
2352   543.5
2353   543.5
2354   543.5
2355   543.5
2356   543.5
2357   543.5
2358   543.5
2359   543.5
2360   543.5
2361   543.5
2362   543.5
2363   543.5
2364   543.5
2365   543.5
2366   543.5
2367   543.5
2368   543.5
2369   543.5
2370   543.5
2371   543.5
2372   543.5
2373   543.5
2374   543.5
2375   543.5
2376   543.5
2377   543.5
2378   543.5
2379   543.5
2380   543.5
2381   543.5
2382   543.5
2383   543.5
2384   543.5
2385   543.5
2386   543.5
2387   543.5
2388   543.5
2389   543.5
2390   543.5
2391   543.5
2392   543.5
2393   543.5
2394   543.5
2395   543.5
2396   543.5
2397   543.5
2398   543.5
2399   543.5
2400   543.5
2401   543.5
2402   543.5
2403   543.5
2404   543.5
2405   543.5
2406   543.5
2407   543.5
2408   543.5
2409   543.5
2410   543.5
2411   543.5
2412   543.5
2413   543.5
2414   543.5
2415   543.5
2416   543.5
2417   543.5
2418   543.5
2419   543.5
2420   543.5
2421   543.5
2422   543.5
2423   543.5
2424   543.5
2425   543.5
2426   543.5
2427   543.5
2428   543.5
2429   543.5
2430   543.5
2431   543.5
2432   543.5
2433   543.5
2434   543.5
2435   543.5
2436   543.5
2437   543.5
2438   543.5
2439   543.5
2440   543.5
2441   543.5
2442   543.5
2443   543.5
2444   543.5
2445   543.5
2446   543.5
2447   543.5
2448   543.5
2449   543.5
2450   543.5
2451   543.5
2452   543.5
2453   543.5
2454   543.5
2455   543.5
2456   543.5
2457   543.5
2458   543.5
2459   543.5
2460   543.5
2461   543.5
2462   543.5
2463   543.5
2464   543.5
2465   543.5
2466   543.5
2467   543.5
2468   543.5
2469   543.5
2470   543.5
2471   543.5
2472   543.5
2473   543.5
2474   543.5
2475   543.5
2476   543.5
2477   543.5
2478   543.5
2479   543.5
2480   543.5
2481   543.5
2482   543.5
2483   543.5
2484   543.5
2485   543.5
2486   543.5
2487   543.5
2488   543.5
2489   543.5
2490   543.5
2491   543.5
2492   543.5
2493   543.5
2494   543.5
2495   543.5
2496   543.5
2497   543.5
2498   543.5
2499   543.5
2500   543.5
