1850   285.2
1851   285.4
1852   285.5
1853   285.6
1854   285.8
1855   285.9
1856   286.1
1857   286.2
1858   286.4
1859   286.6
1860   286.7
1861   286.9
1862   287.0
1863   287.1
1864   287.3
1865   287.4
1866   287.5
1867   287.6
1868   287.7
1869   287.9
1870   288.0
1871   288.2
1872   288.4
1873   288.6
1874   288.9
1875   289.2
1876   289.5
1877   289.9
1878   290.3
1879   290.7
1880   291.2
1881   291.7
1882   292.2
1883   292.6
1884   293.1
1885   293.5
1886   293.8
1887   294.1
1888   294.3
1889   294.5
1890   294.7
1891   294.8
1892   295.0
1893   295.1
1894   295.2
1895   295.3
1896   295.4
1897   295.5
1898   295.7
1899   296.0
1900   296.3
1901   296.6
1902   297.0
1903   297.3
1904   297.7
1905   298.1
1906   298.6
1907   299.0
1908   299.4
1909   299.8
1910   300.2
1911   300.6
1912   300.9
1913   301.3
1914   301.6
1915   301.9
1916   302.2
1917   302.6
1918   302.9
1919   303.2
1920   303.5
1921   303.9
1922   304.3
1923   304.6
1924   305.0
1925   305.5
1926   305.9
1927   306.3
1928   306.8
1929   307.3
1930   307.7
1931   308.2
1932   308.7
1933   309.1
1934   309.5
1935   309.9
1936   310.3
1937   310.5
1938   310.7
1939   310.8
1940   310.9
1941   310.9
1942   310.8
1943   310.7
1944   310.6
1945   310.6
1946   310.6
1947   310.7
1948   310.8
1949   311.0
1950   311.3
1951   311.6
1952   312.0
1953   312.4
1954   312.9
1955   313.5
1956   314.1
1957   314.7
1958   315.3
1959   316.0
1960   316.8
1961   317.6
1962   318.3
1963   318.9
1964   319.4
1965   320.1
1966   321.1
1967   322.1
1968   323.1
1969   324.4
1970   325.5
1971   326.4
1972   327.6
1973   329.2
1974   330.2
1975   331.1
1976   332.2
1977   333.8
1978   335.3
1979   337.0
1980   338.9
1981   340.2
1982   341.3
1983   342.7
1984   344.3
1985   345.8
1986   347.3
1987   349.1
1988   351.2
1989   353.0
1990   354.4
1991   355.5
1992   356.4
1993   357.3
1994   358.6
1995   360.3
1996   362.0
1997   363.7
1998   365.8
1999   367.8
2000   369.4
2001   371.0
2002   373.0
2003   375.3
2004   377.3
2005   379.3
2006   381.3
2007   383.3
2008   385.3
2009   387.4
2010   389.6
2011   391.7
2012   393.7
2013   395.8
2014   397.8
2015   399.9
2016   401.9
2017   403.9
2018   405.9
2019   407.9
2020   409.9
2021   411.8
2022   413.7
2023   415.6
2024   417.6
2025   419.5
2026   421.5
2027   423.5
2028   425.5
2029   427.4
2030   429.4
2031   431.3
2032   433.3
2033   435.3
2034   437.4
2035   439.6
2036   441.8
2037   444.1
2038   446.4
2039   448.8
2040   451.2
2041   453.7
2042   456.1
2043   458.7
2044   461.3
2045   463.9
2046   466.6
2047   469.4
2048   472.3
2049   475.2
2050   478.2
2051   481.2
2052   484.3
2053   487.4
2054   490.6
2055   493.8
2056   497.1
2057   500.5
2058   504.0
2059   507.5
2060   511.1
2061   514.8
2062   518.5
2063   522.3
2064   526.1
2065   530.0
2066   533.9
2067   537.9
2068   541.9
2069   546.1
2070   550.3
2071   554.6
2072   559.0
2073   563.4
2074   567.8
2075   572.2
2076   576.6
2077   581.1
2078   585.6
2079   590.2
2080   594.8
2081   599.4
2082   604.0
2083   608.5
2084   612.9
2085   617.1
2086   621.1
2087   625.1
2088   628.9
2089   632.6
2090   636.1
2091   639.6
2092   643.1
2093   646.6
2094   650.0
2095   653.5
2096   656.9
2097   660.3
2098   663.6
2099   666.9
2100   670.2
2101   673.5
2102   676.8
2103   680.0
2104   683.1
2105   686.2
2106   689.2
2107   692.1
2108   694.9
2109   697.6
2110   700.2
2111   702.8
2112   705.3
2113   707.7
2114   710.1
2115   712.4
2116   714.7
2117   716.9
2118   719.0
2119   721.1
2120   723.0
2121   724.9
2122   726.7
2123   728.4
2124   730.1
2125   731.7
2126   733.3
2127   734.9
2128   736.4
2129   737.8
2130   739.1
2131   740.3
2132   741.5
2133   742.6
2134   743.6
2135   744.6
2136   745.6
2137   746.5
2138   747.4
2139   748.2
2140   748.9
2141   749.6
2142   750.1
2143   750.6
2144   751.0
2145   751.4
2146   751.7
2147   752.0
2148   752.2
2149   752.4
2150   752.5
2151   752.5
2152   752.5
2153   752.5
2154   752.5
2155   752.5
2156   752.5
2157   752.5
2158   752.5
2159   752.5
2160   752.5
2161   752.5
2162   752.5
2163   752.5
2164   752.5
2165   752.5
2166   752.5
2167   752.5
2168   752.5
2169   752.5
2170   752.5
2171   752.5
2172   752.5
2173   752.5
2174   752.5
2175   752.5
2176   752.5
2177   752.5
2178   752.5
2179   752.5
2180   752.5
2181   752.5
2182   752.5
2183   752.5
2184   752.5
2185   752.5
2186   752.5
2187   752.5
2188   752.5
2189   752.5
2190   752.5
2191   752.5
2192   752.5
2193   752.5
2194   752.5
2195   752.5
2196   752.5
2197   752.5
2198   752.5
2199   752.5
2200   752.5
2201   752.5
2202   752.5
2203   752.5
2204   752.5
2205   752.5
2206   752.5
2207   752.5
2208   752.5
2209   752.5
2210   752.5
2211   752.5
2212   752.5
2213   752.5
2214   752.5
2215   752.5
2216   752.5
2217   752.5
2218   752.5
2219   752.5
2220   752.5
2221   752.5
2222   752.5
2223   752.5
2224   752.5
2225   752.5
2226   752.5
2227   752.5
2228   752.5
2229   752.5
2230   752.5
2231   752.5
2232   752.5
2233   752.5
2234   752.5
2235   752.5
2236   752.5
2237   752.5
2238   752.5
2239   752.5
2240   752.5
2241   752.5
2242   752.5
2243   752.5
2244   752.5
2245   752.5
2246   752.5
2247   752.5
2248   752.5
2249   752.5
2250   752.5
2251   752.5
2252   752.5
2253   752.5
2254   752.5
2255   752.5
2256   752.5
2257   752.5
2258   752.5
2259   752.5
2260   752.5
2261   752.5
2262   752.5
2263   752.5
2264   752.5
2265   752.5
2266   752.5
2267   752.5
2268   752.5
2269   752.5
2270   752.5
2271   752.5
2272   752.5
2273   752.5
2274   752.5
2275   752.5
2276   752.5
2277   752.5
2278   752.5
2279   752.5
2280   752.5
2281   752.5
2282   752.5
2283   752.5
2284   752.5
2285   752.5
2286   752.5
2287   752.5
2288   752.5
2289   752.5
2290   752.5
2291   752.5
2292   752.5
2293   752.5
2294   752.5
2295   752.5
2296   752.5
2297   752.5
2298   752.5
2299   752.5
2300   752.5
2301   752.5
2302   752.5
2303   752.5
2304   752.5
2305   752.5
2306   752.5
2307   752.5
2308   752.5
2309   752.5
2310   752.5
2311   752.5
2312   752.5
2313   752.5
2314   752.5
2315   752.5
2316   752.5
2317   752.5
2318   752.5
2319   752.5
2320   752.5
2321   752.5
2322   752.5
2323   752.5
2324   752.5
2325   752.5
2326   752.5
2327   752.5
2328   752.5
2329   752.5
2330   752.5
2331   752.5
2332   752.5
2333   752.5
2334   752.5
2335   752.5
2336   752.5
2337   752.5
2338   752.5
2339   752.5
2340   752.5
2341   752.5
2342   752.5
2343   752.5
2344   752.5
2345   752.5
2346   752.5
2347   752.5
2348   752.5
2349   752.5
2350   752.5
2351   752.5
2352   752.5
2353   752.5
2354   752.5
2355   752.5
2356   752.5
2357   752.5
2358   752.5
2359   752.5
2360   752.5
2361   752.5
2362   752.5
2363   752.5
2364   752.5
2365   752.5
2366   752.5
2367   752.5
2368   752.5
2369   752.5
2370   752.5
2371   752.5
2372   752.5
2373   752.5
2374   752.5
2375   752.5
2376   752.5
2377   752.5
2378   752.5
2379   752.5
2380   752.5
2381   752.5
2382   752.5
2383   752.5
2384   752.5
2385   752.5
2386   752.5
2387   752.5
2388   752.5
2389   752.5
2390   752.5
2391   752.5
2392   752.5
2393   752.5
2394   752.5
2395   752.5
2396   752.5
2397   752.5
2398   752.5
2399   752.5
2400   752.5
2401   752.5
2402   752.5
2403   752.5
2404   752.5
2405   752.5
2406   752.5
2407   752.5
2408   752.5
2409   752.5
2410   752.5
2411   752.5
2412   752.5
2413   752.5
2414   752.5
2415   752.5
2416   752.5
2417   752.5
2418   752.5
2419   752.5
2420   752.5
2421   752.5
2422   752.5
2423   752.5
2424   752.5
2425   752.5
2426   752.5
2427   752.5
2428   752.5
2429   752.5
2430   752.5
2431   752.5
2432   752.5
2433   752.5
2434   752.5
2435   752.5
2436   752.5
2437   752.5
2438   752.5
2439   752.5
2440   752.5
2441   752.5
2442   752.5
2443   752.5
2444   752.5
2445   752.5
2446   752.5
2447   752.5
2448   752.5
2449   752.5
2450   752.5
2451   752.5
2452   752.5
2453   752.5
2454   752.5
2455   752.5
2456   752.5
2457   752.5
2458   752.5
2459   752.5
2460   752.5
2461   752.5
2462   752.5
2463   752.5
2464   752.5
2465   752.5
2466   752.5
2467   752.5
2468   752.5
2469   752.5
2470   752.5
2471   752.5
2472   752.5
2473   752.5
2474   752.5
2475   752.5
2476   752.5
2477   752.5
2478   752.5
2479   752.5
2480   752.5
2481   752.5
2482   752.5
2483   752.5
2484   752.5
2485   752.5
2486   752.5
2487   752.5
2488   752.5
2489   752.5
2490   752.5
2491   752.5
2492   752.5
2493   752.5
2494   752.5
2495   752.5
2496   752.5
2497   752.5
2498   752.5
2499   752.5
2500   752.5
