1850   285.2
1851   285.4
1852   285.5
1853   285.6
1854   285.8
1855   285.9
1856   286.1
1857   286.2
1858   286.4
1859   286.6
1860   286.7
1861   286.9
1862   287.0
1863   287.1
1864   287.3
1865   287.4
1866   287.5
1867   287.6
1868   287.7
1869   287.9
1870   288.0
1871   288.2
1872   288.4
1873   288.6
1874   288.9
1875   289.2
1876   289.5
1877   289.9
1878   290.3
1879   290.7
1880   291.2
1881   291.7
1882   292.2
1883   292.6
1884   293.1
1885   293.5
1886   293.8
1887   294.1
1888   294.3
1889   294.5
1890   294.7
1891   294.8
1892   295.0
1893   295.1
1894   295.2
1895   295.3
1896   295.4
1897   295.5
1898   295.7
1899   296.0
1900   296.3
1901   296.6
1902   297.0
1903   297.3
1904   297.7
1905   298.1
1906   298.6
1907   299.0
1908   299.4
1909   299.8
1910   300.2
1911   300.6
1912   300.9
1913   301.3
1914   301.6
1915   301.9
1916   302.2
1917   302.6
1918   302.9
1919   303.2
1920   303.5
1921   303.9
1922   304.3
1923   304.6
1924   305.0
1925   305.5
1926   305.9
1927   306.3
1928   306.8
1929   307.3
1930   307.7
1931   308.2
1932   308.7
1933   309.1
1934   309.5
1935   309.9
1936   310.3
1937   310.5
1938   310.7
1939   310.8
1940   310.9
1941   310.9
1942   310.8
1943   310.7
1944   310.6
1945   310.6
1946   310.6
1947   310.7
1948   310.8
1949   311.0
1950   311.3
1951   311.6
1952   312.0
1953   312.4
1954   312.9
1955   313.5
1956   314.1
1957   314.7
1958   315.3
1959   316.0
1960   316.8
1961   317.6
1962   318.3
1963   318.9
1964   319.4
1965   320.1
1966   321.1
1967   322.1
1968   323.1
1969   324.4
1970   325.5
1971   326.4
1972   327.6
1973   329.2
1974   330.2
1975   331.1
1976   332.2
1977   333.8
1978   335.3
1979   337.0
1980   338.9
1981   340.2
1982   341.3
1983   342.7
1984   344.3
1985   345.8
1986   347.3
1987   349.1
1988   351.2
1989   353.0
1990   354.4
1991   355.5
1992   356.4
1993   357.3
1994   358.6
1995   360.3
1996   362.0
1997   363.7
1998   365.8
1999   367.8
2000   369.4
2001   371.0
2002   373.0
2003   375.3
2004   377.3
2005   379.3
2006   381.3
2007   383.3
2008   385.3
2009   387.5
2010   389.8
2011   392.1
2012   394.5
2013   397.0
2014   399.5
2015   402.1
2016   404.8
2017   407.6
2018   410.4
2019   413.3
2020   416.3
2021   419.3
2022   422.4
2023   425.5
2024   428.7
2025   432.0
2026   435.3
2027   438.7
2028   442.2
2029   445.8
2030   449.3
2031   453.0
2032   456.7
2033   460.5
2034   464.4
2035   468.4
2036   472.5
2037   476.7
2038   481.0
2039   485.4
2040   489.9
2041   494.5
2042   499.2
2043   504.0
2044   508.9
2045   514.0
2046   519.1
2047   524.4
2048   529.8
2049   535.4
2050   541.0
2051   546.8
2052   552.7
2053   558.7
2054   564.8
2055   571.0
2056   577.3
2057   583.8
2058   590.4
2059   597.1
2060   604.0
2061   611.0
2062   618.1
2063   625.3
2064   632.5
2065   639.8
2066   647.2
2067   654.6
2068   662.1
2069   669.8
2070   677.6
2071   685.5
2072   693.4
2073   701.4
2074   709.4
2075   717.5
2076   725.6
2077   733.8
2078   742.0
2079   750.3
2080   758.7
2081   767.1
2082   775.7
2083   784.3
2084   792.9
2085   801.5
2086   810.2
2087   818.9
2088   827.7
2089   836.5
2090   845.3
2091   854.2
2092   863.2
2093   872.3
2094   881.4
2095   890.5
2096   899.6
2097   908.8
2098   918.0
2099   927.2
2100   936.4
2101   945.6
2102   955.0
2103   964.3
2104   973.7
2105   983.2
2106   992.6
2107   1002.1
2108   1011.6
2109   1021.1
2110   1030.6
2111   1040.1
2112   1049.6
2113   1059.2
2114   1068.8
2115   1078.5
2116   1088.2
2117   1097.9
2118   1107.7
2119   1117.4
2120   1127.2
2121   1136.9
2122   1146.6
2123   1156.4
2124   1166.2
2125   1176.1
2126   1186.0
2127   1196.0
2128   1206.0
2129   1216.0
2130   1226.0
2131   1235.9
2132   1245.9
2133   1255.9
2134   1265.9
2135   1276.0
2136   1286.1
2137   1296.3
2138   1306.5
2139   1316.7
2140   1326.9
2141   1337.1
2142   1347.4
2143   1357.6
2144   1367.8
2145   1378.0
2146   1388.3
2147   1398.6
2148   1409.0
2149   1419.4
2150   1429.9
2151   1440.3
2152   1450.7
2153   1461.0
2154   1471.1
2155   1481.1
2156   1491.0
2157   1500.8
2158   1510.6
2159   1520.2
2160   1529.8
2161   1539.3
2162   1548.7
2163   1558.0
2164   1567.2
2165   1576.2
2166   1585.1
2167   1593.9
2168   1602.6
2169   1611.3
2170   1619.9
2171   1628.4
2172   1636.8
2173   1645.2
2174   1653.4
2175   1661.4
2176   1669.4
2177   1677.1
2178   1684.8
2179   1692.5
2180   1700.1
2181   1707.6
2182   1715.0
2183   1722.3
2184   1729.5
2185   1736.6
2186   1743.5
2187   1750.3
2188   1757.0
2189   1763.5
2190   1770.0
2191   1776.5
2192   1782.8
2193   1789.1
2194   1795.3
2195   1801.3
2196   1807.2
2197   1813.0
2198   1818.6
2199   1824.1
2200   1829.6
2201   1834.9
2202   1840.1
2203   1845.3
2204   1850.4
2205   1855.3
2206   1860.2
2207   1864.9
2208   1869.5
2209   1874.0
2210   1878.3
2211   1882.5
2212   1886.6
2213   1890.7
2214   1894.6
2215   1898.5
2216   1902.3
2217   1905.9
2218   1909.5
2219   1912.8
2220   1916.0
2221   1919.1
2222   1922.1
2223   1925.0
2224   1927.9
2225   1930.6
2226   1933.3
2227   1935.8
2228   1938.2
2229   1940.5
2230   1942.7
2231   1944.7
2232   1946.5
2233   1948.3
2234   1949.9
2235   1951.5
2236   1953.0
2237   1954.4
2238   1955.8
2239   1957.0
2240   1958.0
2241   1958.9
2242   1959.7
2243   1960.3
2244   1960.8
2245   1961.2
2246   1961.6
2247   1961.8
2248   1962.0
2249   1962.1
2250   1962.1
2251   1962.1
2252   1962.1
2253   1962.1
2254   1962.1
2255   1962.1
2256   1962.1
2257   1962.1
2258   1962.1
2259   1962.1
2260   1962.1
2261   1962.1
2262   1962.1
2263   1962.1
2264   1962.1
2265   1962.1
2266   1962.1
2267   1962.1
2268   1962.1
2269   1962.1
2270   1962.1
2271   1962.1
2272   1962.1
2273   1962.1
2274   1962.1
2275   1962.1
2276   1962.1
2277   1962.1
2278   1962.1
2279   1962.1
2280   1962.1
2281   1962.1
2282   1962.1
2283   1962.1
2284   1962.1
2285   1962.1
2286   1962.1
2287   1962.1
2288   1962.1
2289   1962.1
2290   1962.1
2291   1962.1
2292   1962.1
2293   1962.1
2294   1962.1
2295   1962.1
2296   1962.1
2297   1962.1
2298   1962.1
2299   1962.1
2300   1962.1
2301   1962.1
2302   1962.1
2303   1962.1
2304   1962.1
2305   1962.1
2306   1962.1
2307   1962.1
2308   1962.1
2309   1962.1
2310   1962.1
2311   1962.1
2312   1962.1
2313   1962.1
2314   1962.1
2315   1962.1
2316   1962.1
2317   1962.1
2318   1962.1
2319   1962.1
2320   1962.1
2321   1962.1
2322   1962.1
2323   1962.1
2324   1962.1
2325   1962.1
2326   1962.1
2327   1962.1
2328   1962.1
2329   1962.1
2330   1962.1
2331   1962.1
2332   1962.1
2333   1962.1
2334   1962.1
2335   1962.1
2336   1962.1
2337   1962.1
2338   1962.1
2339   1962.1
2340   1962.1
2341   1962.1
2342   1962.1
2343   1962.1
2344   1962.1
2345   1962.1
2346   1962.1
2347   1962.1
2348   1962.1
2349   1962.1
2350   1962.1
2351   1962.1
2352   1962.1
2353   1962.1
2354   1962.1
2355   1962.1
2356   1962.1
2357   1962.1
2358   1962.1
2359   1962.1
2360   1962.1
2361   1962.1
2362   1962.1
2363   1962.1
2364   1962.1
2365   1962.1
2366   1962.1
2367   1962.1
2368   1962.1
2369   1962.1
2370   1962.1
2371   1962.1
2372   1962.1
2373   1962.1
2374   1962.1
2375   1962.1
2376   1962.1
2377   1962.1
2378   1962.1
2379   1962.1
2380   1962.1
2381   1962.1
2382   1962.1
2383   1962.1
2384   1962.1
2385   1962.1
2386   1962.1
2387   1962.1
2388   1962.1
2389   1962.1
2390   1962.1
2391   1962.1
2392   1962.1
2393   1962.1
2394   1962.1
2395   1962.1
2396   1962.1
2397   1962.1
2398   1962.1
2399   1962.1
2400   1962.1
2401   1962.1
2402   1962.1
2403   1962.1
2404   1962.1
2405   1962.1
2406   1962.1
2407   1962.1
2408   1962.1
2409   1962.1
2410   1962.1
2411   1962.1
2412   1962.1
2413   1962.1
2414   1962.1
2415   1962.1
2416   1962.1
2417   1962.1
2418   1962.1
2419   1962.1
2420   1962.1
2421   1962.1
2422   1962.1
2423   1962.1
2424   1962.1
2425   1962.1
2426   1962.1
2427   1962.1
2428   1962.1
2429   1962.1
2430   1962.1
2431   1962.1
2432   1962.1
2433   1962.1
2434   1962.1
2435   1962.1
2436   1962.1
2437   1962.1
2438   1962.1
2439   1962.1
2440   1962.1
2441   1962.1
2442   1962.1
2443   1962.1
2444   1962.1
2445   1962.1
2446   1962.1
2447   1962.1
2448   1962.1
2449   1962.1
2450   1962.1
2451   1962.1
2452   1962.1
2453   1962.1
2454   1962.1
2455   1962.1
2456   1962.1
2457   1962.1
2458   1962.1
2459   1962.1
2460   1962.1
2461   1962.1
2462   1962.1
2463   1962.1
2464   1962.1
2465   1962.1
2466   1962.1
2467   1962.1
2468   1962.1
2469   1962.1
2470   1962.1
2471   1962.1
2472   1962.1
2473   1962.1
2474   1962.1
2475   1962.1
2476   1962.1
2477   1962.1
2478   1962.1
2479   1962.1
2480   1962.1
2481   1962.1
2482   1962.1
2483   1962.1
2484   1962.1
2485   1962.1
2486   1962.1
2487   1962.1
2488   1962.1
2489   1962.1
2490   1962.1
2491   1962.1
2492   1962.1
2493   1962.1
2494   1962.1
2495   1962.1
2496   1962.1
2497   1962.1
2498   1962.1
2499   1962.1
2500   1962.1
